   -43   46
    -7   15
   -19   23
   -12   12
   -16   23
   -16   17
    -4   15
     1   17
    35   12
     2   18
     3   16
     1   16
    -5   16
  -197 -111
  -197 -111
    -4    8
     4    9
    19    2
   -44   56
   -43   56
    13   37
    35   23
    33  -15
    -9   29
    12   36
   -18   22
   -63   68
    43   12
    11   19
   -21   43
     0    0
     3   17
     2   28
    27   20
     6   35
     1   31
     5   28
     9   32
     2    7
    82  -18
    31   -6
     6   28
    17   20
    -4   23
   112  -67
     0   46
    12   10
     7   -2
     3   34
    11   45
     0   53
    -2   55
    77  -91
    20   42
   -51   64
    -7   40
   -14   33
   -21    9
    -9   13
   -14   38
   -36   44
    -7   12
   -18   52
   -11   20
   -28   55
    -7   57
   -14   44
   -29   11
   -13   36
   -22   41
    -6   28
   -30   54
   -38   61
   -40   69
   -14   51
    -5   28
   -21   40
   -14   28
   -14   40
     0   15
     1   24
   -15   61
   -13   13
   -23   59
     4   15
    27 -126
   -13   28
    -6   19
    -5   20
    -3   44
    -5   20
     1   31
     0   33
    -8   31
    -4   25
    30 -141
     0   25
   -11   30